[97,23]

[96,24]

[96,25]

[95,26]

[95,27]

[94,28]

[94,29]

[93,30]

[93,31]

[91,33]

[91,34]

[90,35]

[90,36]

[89,37]

[89,38]

[88,39]

[88,40]

[87,41]

[87,42]

[86,43]

[86,44]

[84,46]

[84,47]

[83,48]

[83,49]

[82,50]

[82,51]

[81,52]

[81,53]

[80,54]

[80,55]

[79,56]

[79,57]

[78,58]

[78,59]

[76,61]

[76,62]

[75,63]

[75,64]

[74,65]

[74,66]

[73,67]

[73,68]

[72,69]

[72,70]

[71,71]

[71,72]

[70,73]

[70,74]

[68,76]

[68,77]

[67,78]

[67,79]

[66,80]

[66,81]

[65,82]

[65,83]

[64,84]

[64,85]

[63,86]

[63,87]

[62,88]

[62,89]

[60,91]

[60,92]

[59,93]

[59,94]

[58,95]

[58,96]

[57,97]

[57,99]

[58,100]

[58,101]

[59,102]

[59,103]

[60,104]

[60,105]

[62,107]

[62,108]

[63,109]

[63,110]

[64,111]

[64,112]

[65,113]

[65,114]

[66,115]

[66,116]

[67,117]

[67,118]

[69,120]

[69,121]

[70,122]

[70,123]

[71,124]

[71,125]

[72,126]

[72,127]

[73,128]

[73,129]

[75,131]

[75,132]

[76,133]

[76,134]

[77,135]

[77,136]

[78,137]

[78,138]

[79,139]

[79,140]

[80,141]

[80,142]

[82,144]

[82,145]

[83,146]

[83,147]

[84,148]

[84,149]

[85,150]

[85,151]

[86,152]

[86,153]

[88,155]

[88,156]

[89,157]

[89,158]

[90,159]

[90,160]

[91,161]

[91,162]

[92,163]

[92,164]

[93,165]

[93,166]

[95,168]

[95,169]

[96,170]

[96,171]

[97,172]

[99,172]

[100,171]

[100,170]

[102,168]

[102,167]

[103,166]

[103,165]

[104,164]

[104,163]

[105,162]

[105,161]

[106,160]

[106,159]

[107,158]

[107,157]

[109,155]

[109,154]

[110,153]

[110,152]

[111,151]

[111,150]

[112,149]

[112,148]

[113,147]

[113,146]

[115,144]

[115,143]

[116,142]

[116,141]

[117,140]

[117,139]

[118,138]

[118,137]

[119,136]

[119,135]

[120,134]

[120,133]

[122,131]

[122,130]

[123,129]

[123,128]

[124,127]

[124,126]

[125,125]

[125,124]

[126,123]

[126,122]

[128,120]

[128,119]

[129,118]

[129,117]

[130,116]

[130,115]

[131,114]

[131,113]

[132,112]

[132,111]

[133,110]

[133,109]

[135,107]

[135,106]

[136,105]

[136,104]

[137,103]

[137,102]

[138,101]

[138,100]

[139,99]

[139,97]

[138,96]

[138,95]

[137,94]

[137,93]

[136,92]

[136,91]

[135,90]

[135,89]

[133,87]

[133,86]

[132,85]

[132,84]

[131,83]

[131,82]

[130,81]

[130,80]

[129,79]

[129,78]

[128,77]

[128,76]

[127,75]

[127,74]

[125,72]

[125,71]

[124,70]

[124,69]

[123,68]

[123,67]

[122,66]

[122,65]

[121,64]

[121,63]

[120,62]

[120,61]

[119,60]

[119,59]

[117,57]

[117,56]

[116,55]

[116,54]

[115,53]

[115,52]

[114,51]

[114,50]

[113,49]

[113,48]

[112,47]

[112,46]

[111,45]

[111,44]

[109,42]

[109,41]

[108,40]

[108,39]

[107,38]

[107,37]

[106,36]

[106,35]

[105,34]

[105,33]

[104,32]

[104,31]

[102,29]

[102,28]

[101,27]

[101,26]

[100,25]

[100,24]

[99,23].