[63,45]

[62,46]

[62,47]

[61,48]

[61,49]

[59,51]

[59,52]

[58,53]

[58,54]

[57,55]

[57,56]

[56,57]

[56,58]

[54,60]

[54,61]

[53,62]

[53,63]

[52,64]

[52,65]

[51,66]

[51,67]

[49,69]

[49,70]

[48,71]

[48,72]

[47,73]

[47,74]

[45,76]

[45,77]

[44,78]

[44,79]

[43,80]

[43,81]

[42,82]

[42,83]

[40,85]

[40,86]

[39,87]

[39,88]

[38,89]

[38,90]

[37,91]

[37,92]

[35,94]

[35,95]

[34,96]

[34,98]

[35,99]

[35,100]

[36,101]

[36,102]

[38,104]

[38,105]

[39,106]

[39,107]

[40,108]

[40,109]

[42,111]

[42,112]

[43,113]

[43,114]

[44,115]

[44,116]

[45,117]

[45,118]

[47,120]

[47,121]

[48,122]

[48,123]

[49,124]

[49,125]

[50,126]

[50,127]

[52,129]

[52,130]

[53,131]

[53,132]

[54,133]

[54,134]

[56,136]

[56,137]

[57,138]

[57,139]

[58,140]

[58,141]

[59,142]

[59,143]

[61,145]

[61,146]

[62,147]

[62,148]

[63,149]

[122,149]

[123,148]

[123,147]

[125,145]

[125,144]

[126,143]

[126,142]

[127,141]

[127,140]

[128,139]

[128,138]

[130,136]

[130,135]

[131,134]

[131,133]

[132,132]

[132,131]

[133,130]

[133,129]

[135,127]

[135,126]

[136,125]

[136,124]

[137,123]

[137,122]

[139,120]

[139,119]

[140,118]

[140,117]

[141,116]

[141,115]

[142,114]

[142,113]

[144,111]

[144,110]

[145,109]

[145,108]

[146,107]

[146,106]

[147,105]

[147,104]

[149,102]

[149,101]

[150,100]

[150,99]

[151,98]

[151,96]

[150,95]

[150,94]

[149,93]

[149,92]

[147,90]

[147,89]

[146,88]

[146,87]

[145,86]

[145,85]

[144,84]

[144,83]

[142,81]

[142,80]

[141,79]

[141,78]

[140,77]

[140,76]

[138,74]

[138,73]

[137,72]

[137,71]

[136,70]

[136,69]

[135,68]

[135,67]

[133,65]

[133,64]

[132,63]

[132,62]

[131,61]

[131,60]

[130,59]

[130,58]

[128,56]

[128,55]

[127,54]

[127,53]

[126,52]

[126,51]

[124,49]

[124,48]

[123,47]

[123,46]

[122,45].