[30,68]

[30,71]

[29,72]

[29,74]

[28,75]

[28,77]

[27,78]

[27,81]

[26,82]

[26,84]

[25,85]

[25,87]

[24,88]

[24,91]

[23,92]

[23,94]

[22,95]

[22,97]

[21,98]

[21,101]

[20,102]

[20,104]

[19,105]

[19,107]

[18,108]

[18,111]

[17,112]

[17,114]

[16,115]

[16,117]

[15,118]

[15,121]

[14,122]

[14,124]

[13,125]

[13,127]

[12,128]

[12,131]

[11,132]

[11,134]

[10,135]

[10,136]

[167,136]

[167,135]

[168,134]

[168,132]

[169,131]

[169,128]

[170,127]

[170,125]

[171,124]

[171,122]

[172,121]

[172,118]

[173,117]

[173,115]

[174,114]

[174,112]

[175,111]

[175,108]

[176,107]

[176,105]

[177,104]

[177,102]

[178,101]

[178,98]

[179,97]

[179,95]

[180,94]

[180,92]

[181,91]

[181,88]

[182,87]

[182,85]

[183,84]

[183,82]

[184,81]

[184,78]

[185,77]

[185,75]

[186,74]

[186,72]

[187,71]

[187,68].