[63,46]

[63,48]

[62,49]

[62,50]

[61,51]

[61,53]

[60,54]

[60,56]

[59,57]

[59,59]

[58,60]

[58,62]

[57,63]

[57,64]

[56,65]

[56,67]

[55,68]

[55,70]

[54,71]

[54,73]

[53,74]

[53,75]

[52,76]

[52,78]

[51,79]

[51,81]

[50,82]

[50,84]

[49,85]

[49,87]

[48,88]

[48,89]

[47,90]

[47,92]

[46,93]

[46,95]

[45,96]

[45,98]

[44,99]

[44,100]

[43,101]

[43,103]

[42,104]

[42,106]

[41,107]

[41,109]

[40,110]

[40,112]

[39,113]

[39,114]

[38,115]

[38,117]

[37,118]

[37,120]

[36,121]

[36,123]

[35,124]

[35,125]

[34,126]

[34,128]

[33,129]

[33,131]

[32,132]

[32,134]

[31,135]

[31,137]

[30,138]

[30,139]

[29,140]

[29,142]

[28,143]

[28,145]

[27,146]

[27,148]

[26,149]

[26,150]

[25,151]

[25,153]

[130,153]

[130,151]

[131,150]

[131,149]

[132,148]

[132,146]

[133,145]

[133,143]

[134,142]

[134,140]

[135,139]

[135,137]

[136,136]

[136,135]

[137,134]

[137,132]

[138,131]

[138,129]

[139,128]

[139,126]

[140,125]

[140,124]

[141,123]

[141,121]

[142,120]

[142,118]

[143,117]

[143,115]

[144,114]

[144,112]

[145,111]

[145,110]

[146,109]

[146,107]

[147,106]

[147,104]

[148,103]

[148,101]

[149,100]

[149,99]

[150,98]

[150,96]

[151,95]

[151,93]

[152,92]

[152,90]

[153,89]

[153,87]

[154,86]

[154,85]

[155,84]

[155,82]

[156,81]

[156,79]

[157,78]

[157,76]

[158,75]

[158,74]

[159,73]

[159,71]

[160,70]

[160,68]

[161,67]

[161,65]

[162,64]

[162,62]

[163,61]

[163,60]

[164,59]

[164,57]

[165,56]

[165,54]

[166,53]

[166,51]

[167,50]

[167,49]

[168,48]

[168,46].