 43  45

 43  46

 43  47

 43  48

 43  49

 43  50

 43  51

 43  52

 43  53

 43  54

 43  55

 43  56

 43  57

 43  58

 43  59

 43  60

 43  61

 43  62

 43  63

 43  64

 43  65

 43  66

 43  67

 43  68

 43  69

 43  70

 43  71

 43  72

 43  73

 43  74

 43  75

 43  76

 43  77

 43  78

 43  79

 43  80

 43  81

 43  82

 43  83

 43  84

 43  85

 43  86

 43  87

 43  88

 43  89

 43  90

 43  91

 43  92

 43  93

 43  94

 43  95

 43  96

 43  97

 43  98

 43  99

 43 100

 43 101

 43 102

 43 103

 43 104

 43 105

 43 106

 43 107

 43 108

 43 109

 43 110

 43 111

 43 112

 43 113

 43 114

 43 115

 43 116

 43 117

 43 118

 43 119

 43 120

 43 121

 43 122

 43 123

 43 124

 43 125

 43 126

 43 127

 43 128

 43 129

 43 130

 43 131

 43 132

 43 133

 43 134

 43 135

 43 136

 43 137

 43 138

 43 139

 43 140

 43 141

 43 142

 43 143

 43 144

 43 145

 43 146

 43 147

 43 148

 43 149

 43 150

 43 151

 44 151

 45 151

 46 151

 47 151

 48 151

 49 151

 50 151

 51 151

 52 151

 53 151

 54 151

 55 151

 56 151

 57 151

 58 151

 59 151

 60 151

 61 151

 62 151

 63 151

 64 151

 65 151

 66 151

 67 151

 68 151

 69 151

 70 151

 71 151

 72 151

 73 151

 74 151

 75 151

 76 151

 77 151

 78 151

 79 151

 80 151

 81 151

 82 151

 83 151

 84 151

 85 151

 86 151

 87 151

 88 151

 89 151

 90 151

 91 151

 92 151

 93 151

 94 151

 95 151

 96 151

 97 151

 98 151

 99 151

100 151

101 151

102 151

103 151

104 151

105 151

106 151

107 151

108 151

109 151

110 151

111 151

112 151

113 151

114 151

115 151

116 151

117 151

118 151

119 151

120 151

121 151

122 151

123 151

124 151

125 151

126 151

127 151

128 151

129 151

130 151

131 151

132 151

133 151

134 151

135 151

136 151

137 151

138 151

139 151

140 151

141 151

142 151

143 151

144 151

145 151

146 151

147 151

148 151

149 151

149 150

149 149

149 148

149 147

149 146

149 145

149 144

149 143

149 142

149 141

149 140

149 139

149 138

149 137

149 136

149 135

149 134

149 133

149 132

149 131

149 130

149 129

149 128

149 127

149 126

149 125

149 124

149 123

149 122

149 121

149 120

149 119

149 118

149 117

149 116

149 115

149 114

149 113

149 112

149 111

149 110

149 109

149 108

149 107

149 106

149 105

149 104

149 103

149 102

149 101

149 100

149  99

149  98

149  97

149  96

149  95

149  94

149  93

149  92

149  91

149  90

149  89

149  88

149  87

149  86

149  85

149  84

149  83

149  82

149  81

149  80

149  79

149  78

149  77

149  76

149  75

149  74

149  73

149  72

149  71

149  70

149  69

149  68

149  67

149  66

149  65

149  64

149  63

149  62

149  61

149  60

149  59

149  58

149  57

149  56

149  55

149  54

149  53

149  52

149  51

149  50

149  49

149  48

149  47

149  46

149  45

148  45

147  45

146  45

145  45

144  45

143  45

142  45

141  45

140  45

139  45

138  45

137  45

136  45

135  45

134  45

133  45

132  45

131  45

130  45

129  45

128  45

127  45

126  45

125  45

124  45

123  45

122  45

121  45

120  45

119  45

118  45

117  45

116  45

115  45

114  45

113  45

112  45

111  45

110  45

109  45

108  45

107  45

106  45

105  45

104  45

103  45

102  45

101  45

100  45

 99  45

 98  45

 97  45

 96  45

 95  45

 94  45

 93  45

 92  45

 91  45

 90  45

 89  45

 88  45

 87  45

 86  45

 85  45

 84  45

 83  45

 82  45

 81  45

 80  45

 79  45

 78  45

 77  45

 76  45

 75  45

 74  45

 73  45

 72  45

 71  45

 70  45

 69  45

 68  45

 67  45

 66  45

 65  45

 64  45

 63  45

 62  45

 61  45

 60  45

 59  45

 58  45

 57  45

 56  45

 55  45

 54  45

 53  45

 52  45

 51  45

 50  45

 49  45

 48  45

 47  45

 46  45

 45  45

 44  45