[100,16]

[99,17]

[99,19]

[98,20]

[98,22]

[97,23]

[97,26]

[96,27]

[96,29]

[95,30]

[95,32]

[94,33]

[94,35]

[93,36]

[93,39]

[92,40]

[92,42]

[91,43]

[91,45]

[90,46]

[90,49]

[89,50]

[89,52]

[88,53]

[88,55]

[87,56]

[87,59]

[86,60]

[86,62]

[85,63]

[85,65]

[84,66]

[84,68]

[83,69]

[74,69]

[73,70]

[49,70]

[48,71]

[34,71]

[33,72]

[33,74]

[36,77]

[37,77]

[41,81]

[42,81]

[46,85]

[47,85]

[51,89]

[52,89]

[56,93]

[57,93]

[61,97]

[62,97]

[66,101]

[67,101]

[71,105]

[72,105]

[73,106]

[72,107]

[72,110]

[71,111]

[71,113]

[70,114]

[70,117]

[69,118]

[69,120]

[68,121]

[68,124]

[67,125]

[67,127]

[66,128]

[66,131]

[65,132]

[65,134]

[64,135]

[64,138]

[63,139]

[63,141]

[62,142]

[62,145]

[61,146]

[61,148]

[60,149]

[60,152]

[59,153]

[59,156]

[58,157]

[58,159]

[59,160]

[61,160]

[63,158]

[64,158]

[67,155]

[68,155]

[71,152]

[72,152]

[75,149]

[76,149]

[79,146]

[80,146]

[83,143]

[84,143]

[87,140]

[88,140]

[92,136]

[93,136]

[96,133]

[97,133]

[100,130]

[102,130]

[105,133]

[106,133]

[109,136]

[110,136]

[113,139]

[114,139]

[117,142]

[118,142]

[122,146]

[123,146]

[126,149]

[127,149]

[130,152]

[131,152]

[134,155]

[135,155]

[138,158]

[139,158]

[141,160]

[143,160]

[144,159]

[144,156]

[143,155]

[143,153]

[142,152]

[142,149]

[141,148]

[141,146]

[140,145]

[140,142]

[139,141]

[139,139]

[138,138]

[138,135]

[137,134]

[137,132]

[136,131]

[136,128]

[135,127]

[135,125]

[134,124]

[134,121]

[133,120]

[133,117]

[132,116]

[132,114]

[131,113]

[131,110]

[130,109]

[130,107]

[129,106]

[130,105]

[131,105]

[135,101]

[136,101]

[140,97]

[141,97]

[145,93]

[146,93]

[150,89]

[151,89]

[155,85]

[156,85]

[160,81]

[161,81]

[165,77]

[166,77]

[169,74]

[169,72]

[168,71]

[154,71]

[153,70]

[129,70]

[128,69]

[119,69]

[118,68]

[118,66]

[117,65]

[117,63]

[116,62]

[116,59]

[115,58]

[115,56]

[114,55]

[114,53]

[113,52]

[113,49]

[112,48]

[112,46]

[111,45]

[111,43]

[110,42]

[110,40]

[109,39]

[109,36]

[108,35]

[108,33]

[107,32]

[107,30]

[106,29]

[106,26]

[105,25]

[105,23]

[104,22]

[104,20]

[103,19]

[103,17]

[102,16].