[44,49]

[44,50]

[43,51]

[43,54]

[42,55]

[42,57]

[41,58]

[41,61]

[40,62]

[40,64]

[39,65]

[39,67]

[38,68]

[38,71]

[37,72]

[37,75]

[36,76]

[36,78]

[35,79]

[35,82]

[34,83]

[34,85]

[33,86]

[33,89]

[32,90]

[32,92]

[31,93]

[31,96]

[30,97]

[30,98]

[29,99]

[29,102]

[28,103]

[28,106]

[27,107]

[27,109]

[26,110]

[26,113]

[25,114]

[25,116]

[24,117]

[24,120]

[23,121]

[23,123]

[22,124]

[22,126]

[21,127]

[21,130]

[20,131]

[20,133]

[19,134]

[19,137]

[27,137]

[28,136]

[179,136]

[179,133]

[178,132]

[178,130]

[177,129]

[177,127]

[176,126]

[176,124]

[175,123]

[175,121]

[174,120]

[174,117]

[173,116]

[173,114]

[172,113]

[172,110]

[171,109]

[171,107]

[170,106]

[170,103]

[169,102]

[169,100]

[168,99]

[168,97]

[167,96]

[167,93]

[166,92]

[166,91]

[165,90]

[165,87]

[164,86]

[164,84]

[163,83]

[163,80]

[162,79]

[162,77]

[161,76]

[161,74]

[160,73]

[160,70]

[159,69]

[159,67]

[158,66]

[158,64]

[157,63]

[157,60]

[156,59]

[156,58]

[155,57]

[155,54]

[154,53]

[154,51]

[153,50]

[153,49].